50
10 44
13 15
17 15
9 19
31 29
49 4
8 48
33 15
47 48
4 40
13 8
24 29
15 29
0 34
38 0
2 19
19 10
19 37
15 43
36 45
12 21
1 10
40 0
5 15
35 46
11 12
13 6
44 41
24 8
3 10
36 11
22 42
36 35
35 14
19 16
32 23
42 15
11 46
10 46
13 37
27 35
4 19
27 44
43 37
33 14
32 25
8 32
8 34
38 30
45 16
23 44
4 15
20 35
24 33
41 39
20 6
42 49
45 27
44 16
20 43
34 50
14 5
9 16
26 6
22 50
12 48
32 26
10 45
21 33
50 48
24 17
22 2
19 28
3 36
28 36
29 45
9 29
26 27
49 35
37 16
34 3
8 35
49 19
10 8
9 15
32 29
23 43
36 30
45 18
32 27
31 19
32 20
4 45
22 23
46 49
46 34
28 50
10 0
22 35
11 0
32 35
44 4
10 31
3 33
19 12
24 18
26 8
15 31
19 17
39 3
28 11
47 36
12 28
22 40
29 39
15 2
12 39
15 28
32 22
15 35
22 46
15 24
28 7
10 37
18 32
48 0
27 37
48 16
39 43
49 34
23 28
17 42
29 50
33 46
0 50
14 23
7 32
11 31
37 1
18 46
41 48
11 13
18 39
4 16
49 12
37 45
17 47
13 44
2 45
43 31
17 14
12 9
1 41
13 28
26 46
3 40
20 27
48 3
2 50
19 47
1 9
25 23
43 5
2 43
14 31
35 38
30 28
50 30
42 18
25 29
12 47
9 13
18 17
19 39
5 13
25 34
1 49
33 28
46 28
50 26
25 33
29 40
41 38
32 12
9 24
28 34
15 50
26 13
32 5
11 4
3 13
7 10
35 45
38 26
34 44
48 31
45 21
9 47
15 19
35 17
26 10
13 1
7 31
25 42
38 33
3 45
47 16
12 34
20 33
11 5
33 48
16 0
17 0
9 21
31 24
14 26
3 0
20 48
43 48
28 49
2 29
39 20
12 40
5 30
35 37
25 36
16 24
30 46
21 32
44 8
30 19
31 42
48 28
41 30
4 21
48 32
1 12
0 15
27 17
4 3
45 12
7 47
38 7
6 41
24 44
24 25
15 48
17 45
42 37
42 40
9 43
48 14
13 45
50 8
45 11
49 9
41 42
21 40
15 23
24 13
9 45
36 48
36 20
28 38
9 17
8 46
7 26
16 40
16 32
43 30
1 34
10 35
1 3
3 18
39 33
45 6
14 18
12 27
46 43
42 14
2 12
28 42
46 24
22 34
5 47
42 7
3 22
17 10
9 44
5 25
49 10
29 8
19 46
37 18
16 36
17 16
28 25
37 3
5 26
29 38
50 42
44 35
12 36
50 1
36 6
24 28
16 22
42 13
15 30
11 3
10 43
10 15
39 15
19 23
3 25
20 10
32 3
39 28
31 45
12 8
34 33
6 27
28 1
4 5
41 11
30 20
2 27
25 50
28 45
7 33
2 40
10 42
11 15
14 3
31 28
43 44
25 2
25 22
44 14
5 1
2 9
6 30
1 21
45 20
37 38
19 38
10 34
13 19
35 1
49 33
50 33
15 26
34 15
4 27
34 7
13 50
14 24
7 27
8 38
31 39
35 40
47 0
12 17
3 17
11 50
41 14
24 27
3 16
39 38
11 47
6 4
34 40
38 6
10 21
32 10
22 38
38 11
20 41
30 47
25 0
17 41
37 2
30 49
9 38
6 25
37 20
37 4
31 46
3 2
18 4
43 0
44 15
6 15
50 44
15 25
0 20
12 18
7 1
31 34
1 2
23 29
13 34
10 47
28 9
16 6
36 13
14 49
41 4
22 7
18 13
1 27
7 24
41 47
39 5
7 46
30 0
19 50
44 11
43 13
41 37
30 16
0 21
6 42
12 31
43 45
19 18
11 37
31 35
16 14
16 34
30 18
29 49
26 12
40 30
22 10
48 4
36 43
12 23
31 50
39 27
22 8
40 46
14 7
26 21
34 41
22 47
27 50
49 7
33 30
4 13
47 31
21 38
40 14
29 34
44 46
7 15
21 20
19 29
38 2
34 14
48 40
5 7
15 27
34 38
32 0
19 32
41 29
25 31
46 38
13 47
28 14
29 7
35 29
20 25
20 50
49 37
20 22
24 3
43 40
23 9
8 15
39 1
5 17
10 27
41 23
21 23
24 35
20 34
12 33
18 23
46 5
11 23
1 33
6 35
30 31
46 50
0 4
12 43
42 38
40 11
11 10
41 24
10 23
21 47
21 31
23 20
37 31
39 46
8 7
18 1
16 18
23 2
9 37
8 23
42 19
38 49
0 5
36 14
5 9
25 35
31 40
21 2
30 1
36 27
16 25
45 8
19 45
14 38
43 8
49 48
0 14
37 40
40 20
34 42
24 6
18 22
8 21
10 33
50 43
40 13
29 5
45 41
46 41
44 33
1 40
31 23
23 13
4 47
40 49
14 32
3 23
33 2
19 48
30 13
25 8
13 21
31 9
24 40
34 37
3 7
39 16
49 6
7 44
1 47
6 23
7 23
43 42
39 0
49 0
18 47
31 44
28 29
42 9
14 12
44 1
30 17
48 30
9 32
38 5
5 45
20 18
41 18
24 39
35 3
24 48
20 49
50 24
26 45
28 40
43 29
43 35
25 45
6 44
36 24
47 8
41 9
29 48
4 31
40 18
1 26
20 12
3 41
7 2
5 31
25 44
23 35
5 41
42 33
32 40
19 41
4 43
42 5
9 35
27 5
29 1
24 21
19 21
20 11
13 49
45 44
46 17
25 26
34 21
42 32
1 11
23 45
22 45
36 18
4 1
22 14
50 17
22 19
6 1
47 2
13 32
36 44
44 39
2 5
35 47
18 0
17 20
45 1
8 40
41 50
24 38
5 35
17 25
5 16
11 17
35 2
23 50
39 14
25 10
49 50
25 30
11 26
36 21
27 33
29 4
21 5
42 20
25 38
19 5
30 35
27 13
46 21
46 15
32 15
16 35
33 18
18 9
44 17
32 43
32 1
45 42
48 34
33 4
35 42
44 42
30 45
12 25
49 2
48 27
41 49
48 2
22 4
27 29
27 25
26 41
30 29
11 9
39 32
5 33
16 2
13 31
10 24
20 7
47 49
9 0
30 22
14 10
6 50
11 43
49 44
4 26
27 40
3 47
50 39
29 37
49 25
17 23
29 17
34 32
28 43
9 3
19 8
18 50
38 17
32 45
25 4
14 8
46 20
16 38
7 39
14 21
24 4
21 42
6 12
7 19
50 40
41 43
0 42
26 24
36 5
21 22
42 26
36 7
10 29
37 8
11 24
47 50
49 39
5 37
2 20
30 39
31 38
4 32
11 16
4 36
8 31
33 9
34 5
43 17
39 47
46 23
3 21
19 1
15 37
17 8
11 6
11 34
26 34
38 20
2 18
13 17
12 30
22 49
33 16
38 36
3 50
38 40
31 16
0 45
20 44
29 16
47 32
50 12
16 13
16 28
8 28
15 14
15 18
48 44
20 15
8 0
49 8
31 32
31 41
36 1
14 46
21 37
22 28
46 27
36 22
34 6
1 22
7 6
47 24
41 15
45 49
21 44
40 10
9 26
43 1
36 2
0 7
48 37
26 18
4 7
20 16
36 10
8 20
2 44
6 22
33 41
22 48
24 19
29 36
11 7
18 29
13 33
23 48
26 23
35 7
0 28
6 21
43 33
8 30
31 49
10 16
30 42
36 9
34 47
50 38
41 2
30 11
24 20
0 6
11 48
15 47
13 12
46 9
3 43
25 14
1 16
33 26
35 19
6 40
38 18
50 9
7 13
12 16
25 47
16 8
41 13
22 31
3 27
30 34
21 7
36 15
39 37
4 38
45 7
29 47
28 44
7 37
48 26
29 22
3 49
2 39
5 10
42 23
3 29
25 1
18 21
11 21
40 26
18 44
43 7
4 10
0 2
26 16
5 24
26 3
7 41
47 26
46 2
32 11
17 37
40 36
26 49
47 45
36 23
36 8
32 36
10 9
5 48
10 12
4 50
22 12
20 5
45 46
20 28
14 43
28 41
45 33
38 32
33 32
47 42
14 50
8 5
23 24
2 13
49 18
16 42
31 1
27 34
33 37
6 47
8 1
16 23
5 12
32 46
4 46
38 47
30 23
1 48
50 36
49 23
41 32
11 39
42 24
27 19
44 22
42 1
15 21
37 14
41 27
23 37
33 36
41 12
5 49
12 4
3 8
25 46
50 32
42 3
2 14
17 49
17 22
50 16
33 31
30 24
40 45
33 8
16 15
23 38
28 5
43 19
29 20
16 27
34 17
6 9
23 0
16 41
43 24
40 9
8 6
36 37
45 34
4 30
44 37
43 27
1 20
32 44
9 39
39 23
9 4
10 41
4 39
43 25
25 21
27 42
0 44
22 26
42 4
0 19
48 35
46 37
6 29
24 0
21 41
31 17
28 10
47 28
39 26
47 20
37 0
1 46
13 46
30 44
8 4
44 5
46 16
32 49
4 20
43 34
23 33
29 11
7 12
10 6
18 6
43 21
33 29
37 32
27 9
42 12
2 30
25 9
12 29
47 37
24 37
25 18
6 48
44 47
36 19
28 6
42 46
44 40
30 9
35 12
13 14
18 7
42 36
21 39
22 27
25 48
33 40
21 48
43 47
2 11
35 0
0 27
7 48
44 29
19 25
13 39
3 12
10 2
50 5
49 24
