100
38 87
17 18
83 78
62 39
5 57
74 20
82 91
63 38
21 83
51 97
96 65
57 13
95 29
67 100
31 77
57 6
67 8
43 53
12 74
98 99
35 5
89 5
67 56
91 38
15 0
28 36
55 44
15 8
12 40
23 13
89 51
42 2
35 56
24 85
34 54
87 63
34 4
25 58
67 77
55 27
25 40
78 12
61 34
73 21
70 29
25 50
9 61
17 75
100 0
74 67
20 68
78 0
52 63
84 8
76 2
47 29
13 36
75 29
19 31
60 88
88 91
51 54
54 90
35 76
34 5
18 74
79 9
99 48
65 27
44 63
16 37
99 87
17 76
14 30
48 95
73 58
66 49
78 7
97 88
90 98
10 27
88 82
51 47
4 44
29 25
32 12
59 21
89 52
64 9
39 45
18 6
53 73
93 80
98 26
39 74
82 49
31 80
41 90
99 43
25 27
79 88
0 16
9 94
73 50
40 31
56 84
43 100
49 6
67 93
74 7
21 4
14 84
49 14
42 19
92 26
51 76
10 97
16 72
83 53
85 25
27 38
98 83
2 9
25 23
73 60
62 51
76 22
97 2
69 73
5 63
53 5
25 11
39 60
65 58
75 55
99 50
53 13
65 72
51 48
37 48
3 51
33 64
74 45
24 11
82 84
42 100
48 98
100 80
53 2
73 20
45 9
3 60
52 59
87 97
49 41
3 4
17 85
87 34
100 11
76 47
35 99
83 66
85 58
24 83
59 75
9 70
55 7
14 81
94 78
51 74
52 26
41 31
6 17
76 65
6 100
13 37
15 48
68 52
98 34
99 3
60 31
50 30
24 59
81 46
67 20
13 28
78 58
49 72
68 11
100 32
85 33
1 59
8 66
46 7
46 25
80 42
51 85
46 64
8 62
50 57
29 66
11 85
37 52
43 92
59 94
61 87
2 7
0 65
88 77
21 39
100 8
66 36
92 79
57 38
88 70
62 53
3 44
95 17
26 77
41 0
66 39
79 40
4 76
99 40
53 85
80 28
84 83
65 95
88 20
64 6
78 74
25 95
72 45
49 80
3 64
4 77
81 73
3 2
13 56
41 64
42 87
94 41
61 63
39 93
8 57
94 50
82 25
53 61
82 75
70 91
13 14
33 30
54 79
55 60
14 40
74 88
14 92
83 77
13 39
20 13
9 49
3 97
98 31
95 24
60 35
92 5
34 90
42 36
19 60
85 78
60 76
40 0
15 44
15 13
36 48
59 26
2 40
7 72
35 87
46 27
69 100
71 93
42 92
0 67
58 43
4 93
13 5
9 50
60 84
51 10
3 5
10 59
34 80
10 45
63 9
39 98
6 88
65 5
28 79
83 62
39 51
60 72
8 11
52 43
8 29
33 25
25 98
38 79
78 32
27 4
57 23
83 91
38 52
38 46
59 78
59 13
92 77
74 44
39 46
83 75
51 34
63 62
12 63
91 9
10 33
10 94
48 89
100 77
12 23
67 18
99 49
99 100
62 26
9 78
76 94
49 8
47 95
16 91
18 42
70 92
28 60
69 21
42 5
29 9
1 89
48 88
0 85
96 83
81 57
96 29
14 6
54 6
40 62
52 96
43 67
31 67
21 27
62 48
77 1
74 48
89 22
75 68
2 35
10 92
64 17
1 37
26 38
60 63
43 42
47 12
78 36
93 60
91 20
34 68
39 50
95 1
30 86
62 25
34 71
71 59
69 30
19 97
74 90
2 62
0 46
65 37
66 70
89 96
13 91
74 76
32 28
80 17
83 86
90 19
55 9
24 15
70 1
84 78
1 99
61 68
35 13
72 57
9 25
46 90
22 39
51 99
23 77
69 47
53 17
90 37
40 38
22 100
32 51
77 85
91 78
71 69
86 99
73 94
28 69
4 65
73 98
21 45
88 26
63 98
87 39
6 37
11 9
14 87
86 92
38 29
70 12
71 6
26 49
11 92
63 1
65 36
3 12
41 44
89 86
40 77
77 22
29 89
6 35
69 24
27 88
19 81
68 72
92 22
21 78
82 21
17 14
73 86
82 54
3 31
98 95
9 18
8 30
79 94
53 100
22 35
88 9
98 62
86 4
41 2
8 27
57 35
55 8
46 66
79 19
71 68
62 35
30 92
58 20
19 50
21 31
66 23
31 49
61 4
55 90
3 23
76 61
89 23
12 53
42 55
90 0
98 9
84 73
45 84
54 85
42 11
19 94
10 9
17 49
91 33
97 8
6 78
58 47
49 98
73 19
74 24
4 97
56 19
58 53
59 77
61 81
63 26
43 35
49 95
18 40
36 10
79 61
16 66
42 0
23 69
79 46
96 75
65 25
96 78
29 3
86 38
81 42
50 20
69 42
9 5
32 88
76 34
74 70
53 15
54 40
95 4
48 56
68 78
51 95
22 31
68 96
43 90
27 92
74 35
16 79
96 35
55 47
81 77
22 29
59 53
65 10
15 11
76 11
77 34
55 28
80 82
40 10
55 80
74 17
21 77
2 20
64 23
32 39
98 56
49 97
10 31
51 93
70 37
68 90
84 67
52 9
85 49
52 95
50 2
51 8
27 50
68 46
96 50
42 70
19 48
96 23
94 2
32 59
83 45
91 31
97 52
79 31
11 83
89 11
14 21
63 14
10 38
53 45
48 82
14 22
37 78
94 74
47 73
79 20
100 3
62 90
49 37
64 29
2 4
41 85
48 93
56 15
51 81
44 64
13 11
2 46
68 29
37 100
37 20
47 11
69 13
56 45
97 75
62 96
64 82
84 0
22 79
49 27
93 52
47 8
30 16
6 10
45 11
81 79
33 49
63 72
60 4
70 77
60 6
100 52
23 11
61 51
47 85
76 89
3 58
41 8
84 76
62 68
75 80
54 10
49 64
5 11
5 43
12 64
93 58
77 13
89 82
33 28
22 93
67 35
27 37
34 21
49 87
62 10
2 23
7 23
59 35
94 38
46 34
60 71
18 15
52 5
41 93
57 10
55 93
8 53
85 72
37 51
67 25
24 50
51 20
23 60
81 6
41 30
87 28
39 84
1 55
73 7
86 95
44 13
9 57
85 48
30 72
33 39
73 12
4 57
74 75
7 37
91 36
68 44
62 99
16 61
34 78
46 87
81 10
32 20
41 96
67 4
100 74
55 85
20 85
33 27
2 32
80 64
78 23
37 8
60 62
15 54
93 18
92 69
15 91
40 61
47 100
57 94
38 15
15 50
61 78
83 12
91 34
15 100
57 2
71 14
85 71
15 7
70 41
71 10
33 69
61 60
89 72
67 10
17 33
98 15
82 16
39 12
34 44
80 53
2 84
77 55
39 90
87 88
77 93
68 25
82 45
63 33
100 28
59 83
25 47
14 55
7 3
73 8
44 94
85 38
78 8
65 29
71 83
51 88
79 85
46 62
26 84
96 20
74 58
69 25
22 12
49 5
83 40
84 35
11 31
53 66
32 49
57 56
76 46
13 54
74 95
28 95
42 20
42 79
82 30
28 43
97 67
94 7
34 6
64 34
97 45
74 93
62 20
80 32
84 5
68 60
100 51
51 24
4 15
49 92
48 44
48 79
48 32
43 6
41 92
82 65
19 98
11 33
25 31
24 66
76 62
97 28
50 60
77 0
52 12
20 11
3 55
78 81
69 32
74 36
49 24
24 71
15 28
31 95
57 36
30 100
47 48
28 25
29 34
74 22
52 57
4 81
65 61
41 95
76 87
7 44
57 42
58 92
72 92
89 71
14 56
29 82
54 12
3 81
41 28
0 6
5 69
71 37
66 15
57 66
30 70
51 17
51 14
23 0
2 8
15 68
52 90
0 39
69 29
40 69
6 31
3 94
86 8
73 54
0 87
64 42
39 7
78 88
48 45
36 21
23 91
72 80
69 77
81 18
22 75
27 67
43 50
12 66
47 79
60 52
62 24
73 92
0 98
76 96
35 41
61 48
25 92
55 79
56 25
6 9
11 0
25 16
21 18
1 98
22 8
61 85
29 87
89 94
3 78
91 55
38 48
76 48
16 15
34 50
85 5
50 44
55 84
31 56
11 36
4 74
34 93
45 16
79 69
10 75
44 17
76 3
18 89
71 92
94 6
25 24
88 2
94 33
34 43
65 88
20 30
83 7
39 31
79 51
88 33
55 67
98 54
63 29
42 37
21 24
59 9
29 57
58 75
72 8
90 27
97 17
50 5
56 93
79 70
66 60
89 64
94 37
41 27
38 67
68 1
85 26
95 46
8 56
15 36
20 56
18 83
31 69
93 95
40 52
11 90
12 92
90 83
20 71
72 19
61 58
96 90
85 46
39 94
15 69
32 75
96 99
14 25
66 89
41 74
13 21
9 87
6 5
35 44
24 16
56 64
62 67
59 84
8 59
55 57
23 87
80 20
14 38
82 8
9 97
59 30
38 47
39 37
69 68
62 95
65 93
100 41
85 74
17 26
93 88
12 37
16 7
46 84
69 34
1 38
55 49
72 79
25 3
75 52
46 36
81 37
1 43
79 64
3 84
43 83
81 15
80 59
95 88
23 53
38 73
14 80
65 28
81 84
46 58
74 2
93 20
12 46
20 44
6 82
42 66
7 64
74 99
89 78
1 84
48 70
32 64
17 56
21 94
90 86
82 47
44 82
11 22
75 47
18 79
56 4
10 82
58 15
72 2
79 63
81 53
46 9
65 92
20 49
58 39
18 47
52 33
73 3
59 38
73 71
2 43
87 81
25 2
2 17
54 96
90 25
18 43
20 23
98 42
52 88
95 2
80 35
24 99
85 98
32 92
67 21
55 83
66 55
12 27
76 73
75 33
15 49
47 42
38 99
74 42
25 100
96 49
52 44
71 90
62 16
13 74
98 3
73 29
92 6
67 47
60 95
40 98
60 86
7 62
26 57
18 88
47 5
85 32
62 86
45 23
24 97
97 81
32 62
89 61
36 25
19 95
17 3
78 39
72 71
52 65
58 70
78 75
97 64
26 10
78 95
40 45
8 17
67 3
97 74
43 37
95 83
6 65
20 18
34 35
26 28
19 59
38 17
27 23
79 7
75 84
0 50
8 58
32 14
67 94
91 63
78 97
4 42
40 93
51 90
23 97
98 37
58 9
82 55
76 9
19 10
21 87
100 59
33 19
97 86
39 17
57 7
48 72
61 72
51 70
69 76
90 56
40 96
96 66
67 98
7 1
33 37
16 88
66 50
71 0
72 37
44 51
23 30
18 28
82 72
59 16
20 69
70 28
15 74
93 64
66 69
50 65
17 13
41 80
3 71
72 27
92 19
61 55
72 99
28 82
54 1
16 14
53 77
55 71
68 50
81 74
32 90
34 59
87 33
32 53
40 81
66 79
82 71
59 56
98 18
0 69
93 14
45 0
57 0
51 80
82 74
26 45
25 21
2 21
54 97
4 87
48 71
92 2
30 10
95 90
91 85
14 96
56 39
10 28
14 95
91 42
81 52
46 18
20 92
50 62
56 18
12 6
39 54
55 41
87 37
86 10
12 87
86 13
12 9
25 63
91 28
60 70
48 69
68 70
19 28
87 52
21 74
66 18
59 17
2 15
91 98
78 46
9 67
76 27
29 23
23 88
94 99
61 38
47 70
80 26
76 55
96 19
6 27
61 45
91 1
61 77
8 75
88 22
96 18
35 12
6 75
79 15
56 92
64 67
95 57
66 80
97 40
19 93
88 49
15 30
6 45
52 23
39 76
45 66
34 70
28 58
42 22
63 80
11 77
37 85
48 14
63 10
80 91
39 40
12 95
89 49
99 46
31 4
64 38
77 30
86 43
99 69
33 56
73 28
71 12
35 58
54 35
3 27
21 46
82 95
79 73
43 41
35 3
83 37
71 43
24 32
43 73
4 24
69 9
47 94
79 52
51 86
14 88
66 92
86 48
47 1
74 66
89 60
33 16
80 56
61 66
33 22
29 32
64 98
55 50
39 80
47 45
13 31
24 75
57 24
94 17
43 32
11 48
9 15
48 3
28 46
61 19
44 92
83 23
45 3
65 26
40 3
73 100
82 97
39 24
37 86
35 19
45 42
31 92
29 43
50 87
91 7
13 88
28 20
30 83
97 14
22 20
100 38
3 13
47 19
85 99
37 0
46 35
50 1
44 87
95 13
24 96
86 70
17 91
7 50
16 21
58 16
59 18
3 68
98 17
48 97
67 7
59 62
4 33
75 60
26 61
48 13
83 41
78 42
61 1
37 29
1 85
92 91
52 51
38 66
14 1
14 43
55 52
4 23
93 100
21 85
13 62
42 68
6 30
60 13
72 25
64 73
20 4
0 49
6 56
65 57
5 98
9 72
86 2
7 82
11 84
94 13
93 97
24 47
26 41
5 30
59 49
27 36
25 18
37 46
76 16
40 43
76 68
21 52
41 88
58 31
95 81
69 97
4 12
33 93
39 9
63 97
65 97
45 88
34 62
84 16
54 5
29 86
35 75
16 47
18 94
49 30
